1500 udp 0.25 65.00 100
1500 ours 25.91 65.00 100
1500 tcp 31.2 31.2 93
1500 ours_lock 21.98 65.00 91
1500 udp 0.28 65.00 100
1500 ours 26.84 65.00 100
1500 tcp 31.0 31.0 92
1500 ours_lock 21.47 65.00 87
1500 udp 0.25 65.00 100
1500 ours 26.71 65.00 100
1500 tcp 30.9 30.9 92
1500 ours_lock 22.33 65.00 91
1500 udp 0.29 65.00 100
1500 ours 26.26 65.00 100
1500 tcp 31.0 31.0 92
1500 ours_lock 21.71 65.00 88
1500 udp 0.27 65.00 100
1500 ours 26.68 65.00 100
1500 tcp 31.0 31.0 92
1500 ours_lock 21.42 65.00 86
3000 udp 36.04 65.00 97
3000 ours 47.22 65.00 100
3000 tcp 33.1 33.1 72
3000 ours_lock 30.40 65.00 68
3000 udp 33.01 65.00 96
3000 ours 47.38 65.00 100
3000 tcp 33.3 33.3 73
3000 ours_lock 30.38 65.00 68
3000 udp 25.39 65.00 89
3000 ours 47.20 65.00 100
3000 tcp 32.8 32.8 71
3000 ours_lock 30.39 65.00 68
3000 udp 26.80 65.00 89
3000 ours 46.24 65.00 100
3000 tcp 31.3 31.3 69
3000 ours_lock 28.84 65.00 67
3000 udp 31.55 65.00 94
3000 ours 47.07 65.00 100
3000 tcp 32.8 32.8 70
3000 ours_lock 30.45 65.00 68
4500 udp 27.67 65.00 96
4500 ours 42.47 65.00 100
4500 tcp 35.1 35.1 78
4500 ours_lock 26.13 65.00 73
4500 udp 20.47 65.00 85
4500 ours 38.97 65.00 100
4500 tcp 35.3 35.3 78
4500 ours_lock 28.15 65.00 75
4500 udp 20.39 65.00 84
4500 ours 37.12 65.00 100
4500 tcp 35.3 35.3 79
4500 ours_lock 24.69 65.00 63
4500 udp 27.44 65.00 95
4500 ours 43.23 65.00 100
4500 tcp 34.3 34.9 77
4500 ours_lock 26.95 65.00 72
4500 udp 20.44 65.00 85
4500 ours 43.36 65.00 100
4500 tcp 35.2 35.2 78
4500 ours_lock 26.82 65.00 71
6000 udp 26.12 65.00 82
6000 ours 42.22 65.00 100
6000 tcp 35.9 35.9 72
6000 ours_lock 29.15 65.00 65
6000 udp 28.55 65.00 82
6000 ours 42.17 65.00 100
6000 tcp 35.8 35.8 72
6000 ours_lock 36.23 65.00 74
6000 udp 29.25 65.00 84
6000 ours 42.27 65.00 100
6000 tcp 35.3 35.3 73
6000 ours_lock 36.23 65.00 74
6000 udp 29.24 65.00 82
6000 ours 44.57 65.00 100
6000 tcp 35.5 35.5 72
6000 ours_lock 35.51 65.00 73
6000 udp 25.84 65.00 81
6000 ours 42.31 65.00 100
6000 tcp 35.6 35.6 71
6000 ours_lock 29.46 65.00 66
7500 udp 31.36 65.00 82
7500 ours 48.80 65.00 100
7500 tcp 35.3 35.3 70
7500 ours_lock 33.62 65.00 65
7500 udp 29.05 65.00 72
7500 ours 51.16 65.00 100
7500 tcp 34.0 34.0 64
7500 ours_lock 33.56 65.00 65
7500 udp 28.95 65.00 73
7500 ours 48.70 65.00 100
7500 tcp 34.9 34.9 67
7500 ours_lock 33.54 65.00 64
7500 udp 28.97 65.00 73
7500 ours 50.45 65.00 100
7500 tcp 35.4 35.4 67
7500 ours_lock 33.69 65.00 62
7500 udp 28.83 65.00 73
7500 ours 48.67 65.00 100
7500 tcp 35.9 35.9 69
7500 ours_lock 32.63 65.00 66
9000 udp 15.30 65.00 51
9000 ours 61.72 65.00 100
9000 tcp 55.1 55.1 96
9000 ours_lock 29.81 65.00 55
9000 udp 13.92 65.00 51
9000 ours 58.66 65.00 100
9000 tcp 56.8 56.8 99
9000 ours_lock 29.63 65.00 55
9000 udp 13.94 65.00 51
9000 ours 56.90 65.00 100
9000 tcp 57.3 57.3 98
9000 ours_lock 30.40 65.00 56
9000 udp 13.99 65.00 52
9000 ours 55.58 65.00 100
9000 tcp 53.8 53.8 100
9000 ours_lock 29.91 65.00 55
9000 udp 13.98 65.00 51
9000 ours 61.53 65.00 100
9000 tcp 51.9 52.0 92
9000 ours_lock 29.63 65.00 56
