# offered  udp_sockopt_mean udp_sockopt_sd  tcp_mean tcp_sd  udp_ours_mean udp_ours_sd
5  5.00  0.00  5.00  0.00  5.00  0.00
10  8.58  1.94  10.00  0.00  10.00  0.00
15  10.20  2.46  15.00  0.00  15.00  0.00
20  12.03  0.01  20.00  0.00  20.00  0.00
25  15.04  0.03  25.00  0.00  24.99  0.00
30  16.77  0.05  30.00  0.00  29.99  0.00
35  19.11  0.03  35.00  0.00  34.99  0.00
40  21.18  0.07  40.00  0.00  39.98  0.00
45  27.77  12.85  44.58  0.94  44.84  0.04
50  15.58  1.36  50.00  0.00  49.92  0.03
55  16.31  4.50  53.58  3.18  54.32  0.15
60  15.16  1.94  57.36  0.92  55.44  0.68
65  15.47  1.40  54.72  5.70  60.69  2.06
70  14.93  1.21  56.78  1.58  58.72  2.77
75  15.53  0.52  54.06  5.75  56.14  4.12
80  21.08  5.23  53.18  5.79  54.84  3.26
