# size_MB  r40_mean r40_sd  r56_mean r56_sd  r88_mean r88_sd
0.2031  12.04  3.18  11.86  4.09  12.77  0.84
0.2500  12.43  0.06  12.87  4.68  15.10  1.17
0.3750  18.91  0.09  14.28  2.54  22.26  1.51
0.5000  26.29  0.31  24.84  8.30  28.24  1.66
0.7500  39.92  0.00  26.67  1.48  38.14  6.47
1.0000  39.98  0.00  33.20  0.82  39.94  0.34
1.5000  39.98  0.00  47.80  0.25  53.56  0.07
2.0000  39.98  0.00  53.99  1.11  51.30  0.19
3.0000  39.98  0.00  54.17  1.08  49.74  0.05
4.0000  39.98  0.00  54.65  1.01  48.47  0.23
6.0000  39.98  0.00  53.71  1.24  43.53  0.58
8.0000  39.98  0.00  54.74  0.95  40.21  0.17
12.0000  39.98  0.00  44.25  0.36  33.13  0.78
18.0000  39.98  0.00  35.11  0.49  26.25  0.08
