# rate  udp_blast udp_iperf  tcp_blast tcp_iperf  ours_blast ours_iperf
5  5.00  5.00  5.00  5.00  5.00  5.00
10  8.58  10.00  10.00  10.00  10.00  10.00
15  10.20  14.38  15.00  15.00  15.00  15.00
20  12.03  20.00  20.00  20.00  20.00  20.00
25  15.04  22.26  25.00  25.00  24.99  25.00
30  16.77  22.18  30.00  30.00  29.99  29.48
35  19.11  25.58  35.00  35.00  34.99  34.60
40  21.18  24.62  40.00  40.00  39.98  38.52
45  27.77  21.72  44.58  45.00  44.84  44.92
50  15.58  23.00  50.00  49.62  49.92  49.72
55  16.31  22.03  53.58  55.00  54.32  52.02
60  15.16  26.94  57.36  56.60  55.44  51.92
65  15.47  28.00  54.72  55.32  60.69  50.56
70  14.93  23.43  56.78  56.82  58.72  50.12
75  15.53  25.76  54.06  54.52  56.14  51.08
80  21.08  23.86  53.18  55.32  54.84  50.12
