212992 40 17.72 40.00 37 rb212992
212992 40 10.74 40.00 35 rb212992
212992 40 10.51 40.00 34 rb212992
212992 40 10.50 40.00 35 rb212992
212992 40 10.71 40.00 35 rb212992
262144 40 12.49 40.00 35 rb262144
262144 40 12.45 40.00 36 rb262144
262144 40 12.47 40.00 36 rb262144
262144 40 12.37 40.00 35 rb262144
262144 40 12.35 40.00 35 rb262144
393216 40 18.79 40.00 39 rb393216
393216 40 19.01 40.00 37 rb393216
393216 40 18.99 40.00 37 rb393216
393216 40 18.91 40.00 40 rb393216
393216 40 18.86 40.00 38 rb393216
524288 40 26.15 40.00 49 rb524288
524288 40 26.84 40.00 50 rb524288
524288 40 26.15 40.00 49 rb524288
524288 40 26.14 40.00 49 rb524288
524288 40 26.15 40.00 48 rb524288
786432 40 39.92 40.00 61 rb786432
786432 40 39.92 40.00 60 rb786432
786432 40 39.92 40.00 60 rb786432
786432 40 39.92 40.00 59 rb786432
786432 40 39.92 40.00 61 rb786432
1048576 40 39.98 40.00 59 rb1048576
1048576 40 39.99 40.00 60 rb1048576
1048576 40 39.98 40.00 60 rb1048576
1048576 40 39.98 40.00 61 rb1048576
1048576 40 39.98 40.00 60 rb1048576
1572864 40 39.98 40.00 60 rb1572864
1572864 40 39.98 40.00 59 rb1572864
1572864 40 39.98 40.00 61 rb1572864
1572864 40 39.98 40.00 60 rb1572864
1572864 40 39.98 40.00 60 rb1572864
2097152 40 39.98 40.00 60 rb2097152
2097152 40 39.98 40.00 60 rb2097152
2097152 40 39.98 40.00 60 rb2097152
2097152 40 39.98 40.00 60 rb2097152
2097152 40 39.98 40.00 62 rb2097152
3145728 40 39.99 40.00 60 rb3145728
3145728 40 39.98 40.00 61 rb3145728
3145728 40 39.98 40.00 60 rb3145728
3145728 40 39.98 40.00 59 rb3145728
3145728 40 39.98 40.00 61 rb3145728
4194304 40 39.98 40.00 59 rb4194304
4194304 40 39.98 40.00 61 rb4194304
4194304 40 39.98 40.00 60 rb4194304
4194304 40 39.98 40.00 59 rb4194304
4194304 40 39.98 40.00 62 rb4194304
6291456 40 39.98 40.00 60 rb6291456
6291456 40 39.98 40.00 60 rb6291456
6291456 40 39.98 40.00 61 rb6291456
6291456 40 39.98 40.00 59 rb6291456
6291456 40 39.98 40.00 60 rb6291456
8388608 40 39.99 40.00 61 rb8388608
8388608 40 39.98 40.00 59 rb8388608
8388608 40 39.98 40.00 60 rb8388608
8388608 40 39.98 40.00 60 rb8388608
8388608 40 39.98 40.00 60 rb8388608
12582912 40 39.98 40.00 60 rb12582912
12582912 40 39.98 40.00 61 rb12582912
12582912 40 39.98 40.00 59 rb12582912
12582912 40 39.98 40.00 60 rb12582912
12582912 40 39.98 40.00 61 rb12582912
18874368 40 39.99 40.00 59 rb18874368
18874368 40 39.98 40.00 60 rb18874368
18874368 40 39.98 40.00 62 rb18874368
18874368 40 39.98 40.00 60 rb18874368
18874368 40 39.98 40.00 59 rb18874368
212992 56 7.03 56.00 33 rb212992
212992 56 10.52 56.00 36 rb212992
212992 56 15.58 56.00 53 rb212992
212992 56 9.54 56.00 40 rb212992
212992 56 16.62 56.00 51 rb212992
262144 56 16.33 56.00 52 rb262144
262144 56 12.07 56.00 34 rb262144
262144 56 8.48 56.00 36 rb262144
262144 56 18.94 56.00 40 rb262144
262144 56 8.54 56.00 42 rb262144
393216 56 12.47 56.00 46 rb393216
393216 56 12.30 56.00 41 rb393216
393216 56 18.23 56.00 42 rb393216
393216 56 15.42 56.00 33 rb393216
393216 56 12.99 56.00 40 rb393216
524288 56 28.70 56.00 62 rb524288
524288 56 20.36 56.00 59 rb524288
524288 56 19.83 56.00 50 rb524288
524288 56 17.68 56.00 51 rb524288
524288 56 37.65 56.00 87 rb524288
786432 56 28.91 56.00 62 rb786432
786432 56 27.34 56.00 62 rb786432
786432 56 25.88 56.00 57 rb786432
786432 56 25.18 56.00 59 rb786432
786432 56 26.02 56.00 58 rb786432
1048576 56 34.54 56.00 65 rb1048576
1048576 56 33.01 56.00 62 rb1048576
1048576 56 32.34 56.00 65 rb1048576
1048576 56 32.88 56.00 65 rb1048576
1048576 56 33.25 56.00 58 rb1048576
1572864 56 48.01 56.00 79 rb1572864
1572864 56 48.04 56.00 80 rb1572864
1572864 56 47.50 56.00 80 rb1572864
1572864 56 47.56 56.00 80 rb1572864
1572864 56 47.89 56.00 79 rb1572864
2097152 56 55.28 56.00 86 rb2097152
2097152 56 52.69 56.00 87 rb2097152
2097152 56 54.74 56.00 86 rb2097152
2097152 56 53.02 56.00 86 rb2097152
2097152 56 54.23 56.00 86 rb2097152
3145728 56 52.89 56.00 86 rb3145728
3145728 56 53.22 56.00 87 rb3145728
3145728 56 55.40 56.00 86 rb3145728
3145728 56 54.48 56.00 86 rb3145728
3145728 56 54.87 56.00 86 rb3145728
4194304 56 54.74 56.00 86 rb4194304
4194304 56 55.39 56.00 86 rb4194304
4194304 56 54.95 56.00 86 rb4194304
4194304 56 52.91 56.00 86 rb4194304
4194304 56 55.27 56.00 86 rb4194304
6291456 56 53.23 56.00 87 rb6291456
6291456 56 52.53 56.00 86 rb6291456
6291456 56 54.74 56.00 86 rb6291456
6291456 56 55.30 56.00 86 rb6291456
6291456 56 52.73 56.00 87 rb6291456
8388608 56 55.12 56.00 86 rb8388608
8388608 56 54.86 56.00 87 rb8388608
8388608 56 55.31 56.00 86 rb8388608
8388608 56 53.08 56.00 86 rb8388608
8388608 56 55.32 56.00 86 rb8388608
12582912 56 43.67 56.00 100 rb12582912
12582912 56 44.60 56.00 100 rb12582912
12582912 56 44.17 56.00 100 rb12582912
12582912 56 44.36 56.00 100 rb12582912
12582912 56 44.46 56.00 100 rb12582912
18874368 56 35.38 56.00 100 rb18874368
18874368 56 35.46 56.00 100 rb18874368
18874368 56 35.52 56.00 100 rb18874368
18874368 56 34.43 56.00 100 rb18874368
18874368 56 34.76 56.00 100 rb18874368
212992 88 13.54 88.00 66 rb212992
212992 88 12.78 88.00 66 rb212992
212992 88 11.38 88.00 61 rb212992
212992 88 12.87 88.00 67 rb212992
212992 88 13.30 88.00 68 rb212992
262144 88 14.10 88.00 65 rb262144
262144 88 14.28 88.00 65 rb262144
262144 88 16.20 88.00 68 rb262144
262144 88 14.37 88.00 66 rb262144
262144 88 16.53 88.00 68 rb262144
393216 88 23.19 88.00 76 rb393216
393216 88 24.24 88.00 78 rb393216
393216 88 21.95 88.00 72 rb393216
393216 88 21.59 88.00 72 rb393216
393216 88 20.31 88.00 68 rb393216
524288 88 28.98 88.00 78 rb524288
524288 88 29.12 88.00 75 rb524288
524288 88 28.25 88.00 74 rb524288
524288 88 25.37 88.00 74 rb524288
524288 88 29.47 88.00 78 rb524288
786432 88 41.84 88.00 85 rb786432
786432 88 47.13 88.00 93 rb786432
786432 88 36.60 88.00 87 rb786432
786432 88 30.52 88.00 76 rb786432
786432 88 34.59 88.00 84 rb786432
1048576 88 40.55 88.00 88 rb1048576
1048576 88 39.81 88.00 87 rb1048576
1048576 88 39.73 88.00 86 rb1048576
1048576 88 39.81 88.00 86 rb1048576
1048576 88 39.78 88.00 87 rb1048576
1572864 88 53.54 88.00 100 rb1572864
1572864 88 53.66 88.00 100 rb1572864
1572864 88 53.52 88.00 100 rb1572864
1572864 88 53.59 88.00 100 rb1572864
1572864 88 53.48 88.00 100 rb1572864
2097152 88 50.99 88.00 100 rb2097152
2097152 88 51.43 88.00 100 rb2097152
2097152 88 51.24 88.00 100 rb2097152
2097152 88 51.46 88.00 100 rb2097152
2097152 88 51.36 88.00 100 rb2097152
3145728 88 49.81 88.00 100 rb3145728
3145728 88 49.70 88.00 100 rb3145728
3145728 88 49.70 88.00 100 rb3145728
3145728 88 49.73 88.00 100 rb3145728
3145728 88 49.76 88.00 100 rb3145728
4194304 88 48.67 88.00 100 rb4194304
4194304 88 48.38 88.00 100 rb4194304
4194304 88 48.11 88.00 100 rb4194304
4194304 88 48.52 88.00 100 rb4194304
4194304 88 48.67 88.00 100 rb4194304
6291456 88 42.82 88.00 100 rb6291456
6291456 88 43.74 88.00 100 rb6291456
6291456 88 43.02 88.00 100 rb6291456
6291456 88 44.14 88.00 100 rb6291456
6291456 88 43.91 88.00 100 rb6291456
8388608 88 40.07 88.00 100 rb8388608
8388608 88 40.14 88.00 100 rb8388608
8388608 88 40.47 88.00 100 rb8388608
8388608 88 40.07 88.00 100 rb8388608
8388608 88 40.28 88.00 100 rb8388608
12582912 88 32.72 88.00 100 rb12582912
12582912 88 34.44 88.00 100 rb12582912
12582912 88 33.12 88.00 100 rb12582912
12582912 88 32.39 88.00 100 rb12582912
12582912 88 32.96 88.00 100 rb12582912
18874368 88 26.13 88.00 100 rb18874368
18874368 88 26.23 88.00 100 rb18874368
18874368 88 26.33 88.00 100 rb18874368
18874368 88 26.25 88.00 100 rb18874368
18874368 88 26.31 88.00 100 rb18874368
