5 udp 5.00 5.00 13 0.016
5 ours 5.00 5.00 12 0.006
5 tcp 5.00 5.00 9 0
5 udp 5.00 5.00 12 0.019
5 ours 5.00 5.00 13 0.0032
5 tcp 5.00 5.00 9 0
5 udp 5.00 5.00 13 0.02
5 ours 5.00 5.00 14 0.018
5 tcp 5.00 5.00 9 0
5 udp 5.00 5.00 13 0.019
5 ours 5.00 5.00 13 0.0047
5 tcp 5.00 5.00 9 0
5 udp 5.00 5.00 13 0.036
5 ours 5.00 5.00 12 0.0032
5 tcp 5.00 5.00 9 0
10 udp 10.0 10.0 29 0.023
10 ours 10.0 10.0 6 0
10 tcp 10.0 10.0 18 0
10 udp 10.0 10.0 21 0.024
10 ours 10.0 10.0 12 0.0066
10 tcp 10.0 10.0 18 0
10 udp 10.0 10.0 7 0.036
10 ours 10.0 10.0 24 0.031
10 tcp 10.0 10.0 21 0
10 udp 10.0 10.0 28 0.028
10 ours 10.0 10.0 7 0.0054
10 tcp 10.0 10.0 19 0
10 udp 10.0 10.0 9 0.034
10 ours 10.0 10.0 29 0.0019
10 tcp 10.0 10.0 19 0
15 udp 15.0 15.0 26 0.027
15 ours 15.0 15.0 33 0
15 tcp 15.0 15.0 29 0
15 udp 15.0 15.0 34 0.042
15 ours 15.0 15.0 24 0.015
15 tcp 15.0 15.0 29 0
15 udp 15.0 15.0 32 0.032
15 ours 15.0 15.0 27 0.014
15 tcp 15.0 15.0 29 0
15 udp 12.4 15.0 28 18
15 ours 15.0 15.0 29 0.018
15 tcp 15.0 15.0 29 0
15 udp 14.5 15.0 33 3.4
15 ours 15.0 15.0 25 0.02
15 tcp 15.0 15.0 29 0
20 udp 20.0 20.0 32 0.038
20 ours 20.0 20.0 32 0.0058
20 tcp 20.0 20.0 36 0
20 udp 20.0 20.0 35 0.029
20 ours 20.0 20.0 39 0.011
20 tcp 20.0 20.0 37 0
20 udp 20.0 20.0 33 0.047
20 ours 20.0 20.0 33 0.0098
20 tcp 20.0 20.0 37 0
20 udp 20.0 20.0 34 0.044
20 ours 20.0 20.0 33 0.0003
20 tcp 20.0 20.0 37 0
20 udp 20.0 20.0 33 0.043
20 ours 20.0 20.0 32 0.013
20 tcp 20.0 20.0 37 0
25 udp 16.8 25.0 30 33
25 ours 25.0 25.0 43 0.012
25 tcp 25.0 25.0 46 0
25 udp 23.7 25.0 57 5.3
25 ours 25.0 25.0 43 0.026
25 tcp 25.0 25.0 45 0
25 udp 25.0 25.0 42 0.039
25 ours 25.0 25.0 40 0.023
25 tcp 25.0 25.0 46 0
25 udp 25.0 25.0 30 0.066
25 ours 25.0 25.0 47 0.022
25 tcp 25.0 25.0 46 0
25 udp 20.8 25.0 43 17
25 ours 25.0 25.0 50 0.02
25 tcp 25.0 25.0 46 0
30 ours 29.9 29.9 44 0.033
30 tcp 30.0 30.0 54 0
30 udp 24.6 29.4 41 16
30 ours 30.0 30.0 62 0.018
30 tcp 30.0 30.0 55 0
30 udp 17.4 30.0 38 43
30 ours 29.6 29.6 31 0.027
30 tcp 30.0 30.0 55 0
30 udp 17.8 30.0 26 42
30 ours 29.0 29.5 48 1.5
30 tcp 30.0 30.0 54 0
30 udp 28.9 29.6 41 2.3
30 ours 28.9 29.3 51 1.3
30 tcp 30.0 30.0 55 0
35 udp 19.3 35.0 46 45
35 ours 33.4 35.0 58 4.6
35 tcp 35.0 35.0 64 0
35 udp 28.6 35.0 51 18
35 ours 35.0 35.0 57 0.02
35 tcp 35.0 35.0 64 0
35 udp 26.0 35.0 49 26
35 tcp 35.0 35.0 64 0
35 udp 29.3 35.0 47 16
35 ours 35.0 35.0 57 0.033
35 tcp 35.0 35.0 64 0
35 udp 24.7 35.0 50 30
35 ours 35.0 35.0 55 0.038
35 tcp 35.0 35.0 63 0
40 udp 25.2 40.0 51 37
40 ours 40.0 40.0 63 0.021
40 tcp 40.0 40.0 72 0
40 udp 24.7 40.0 51 39
40 ours 35.0 40.0 62 12
40 tcp 40.0 40.0 72 0
40 udp 24.3 40.0 49 39
40 ours 40.0 40.0 65 0.073
40 tcp 40.0 40.0 71 0
40 udp 24.5 40.0 51 39
40 ours 37.6 40.0 67 5.9
40 tcp 40.0 40.0 72 0
40 udp 24.4 40.0 52 39
40 ours 40.0 40.0 66 0.1
40 tcp 40.0 40.0 71 0
45 udp 21.2 45.0 50 53
45 ours 45.0 45.0 75 0.021
45 tcp 45.0 45.0 80 0
45 udp 23.0 45.0 52 49
45 ours 45.0 45.0 75 0.028
45 tcp 45.0 45.0 79 0
45 udp 22.2 45.0 55 51
45 ours 45.0 45.0 74 0.045
45 tcp 45.0 45.0 79 0
45 udp 21.1 45.0 47 54
45 ours 44.6 45.0 77 0.79
45 tcp 45.0 45.0 80 0
45 udp 21.1 45.0 48 54
45 ours 45.0 45.0 74 0.078
45 tcp 45.0 45.0 79 0
50 udp 25.5 50.0 53 49
50 ours 49.4 50.0 84 1.1
50 tcp 50.0 50.0 88 0
50 udp 20.7 49.1 53 58
50 ours 49.8 50.0 76 0.31
50 tcp 48.7 48.7 85 0
50 udp 25.6 50.0 56 49
50 ours 49.9 50.0 82 0.27
50 tcp 50.0 50.0 87 0
50 udp 22.1 49.4 48 56
50 ours 49.7 50.0 82 0.51
50 tcp 50.0 50.0 88 0
50 udp 21.1 49.3 51 58
50 ours 49.8 50.0 82 0.3
50 tcp 49.4 49.4 89 0
55 ours 51.9 55.0 99 5.6
55 tcp 55.0 55.0 96 0
55 ours 51.9 55.0 99 5.5
55 tcp 55.0 55.0 96 0
55 udp 21.6 54.0 56 60
55 ours 52.1 55.0 100 5.1
55 tcp 55.0 55.0 96 0
55 udp 22.4 54.2 53 59
55 ours 52.4 55.0 96 4.7
55 tcp 55.0 55.0 97 0
55 udp 22.1 53.3 56 59
55 ours 51.8 55.0 99 5.8
55 tcp 55.0 55.0 97 0
60 udp 24.0 60.0 63 60
60 ours 50.9 60.0 100 15
60 tcp 58.4 58.4 99 0
60 udp 27.9 60.0 67 54
60 ours 51.2 60.0 100 14
60 tcp 57.5 57.5 100 0
60 udp 27.6 60.0 67 54
60 ours 51.7 60.0 100 14
60 tcp 55.4 55.4 95 0
60 udp 27.6 60.0 66 54
60 ours 55.2 60.0 100 7.9
60 tcp 57.6 57.6 100 0
60 udp 27.6 60.0 66 54
60 ours 50.6 60.0 100 15
60 tcp 54.1 54.1 93 0
65 ours 50.2 64.7 100 22
65 tcp 57.0 57.0 100 0
65 udp 28.2 65.0 70 57
65 ours 52.0 64.7 100 20
65 tcp 57.2 57.2 98 0
65 udp 27.9 65.0 70 57
65 ours 50.3 64.7 100 22
65 tcp 48.5 48.5 85 0
65 ours 49.9 64.9 100 23
65 tcp 56.7 56.7 99 0
65 udp 27.9 65.0 69 57
65 ours 50.4 65.0 100 22
65 tcp 57.2 57.2 99 0
70 udp 16.7 70.0 60 76
70 ours 49.3 69.5 100 29
70 tcp 56.4 56.4 96 0
70 udp 26.6 70.0 72 62
70 ours 49.7 69.8 100 29
70 tcp 58.7 58.7 100 0
70 ours 49.8 69.4 100 28
70 tcp 55.0 55.0 97 0
70 ours 50.6 69.6 100 27
70 tcp 57.0 57.0 100 0
70 udp 27.0 70.0 71 61
70 ours 51.2 69.3 100 26
70 tcp 57.0 57.0 99 0
75 udp 23.6 75.0 71 69
75 ours 52.9 75.0 100 29
75 tcp 56.4 56.4 100 0
75 udp 25.9 75.0 73 66
75 ours 48.9 75.0 100 35
75 tcp 49.1 49.1 87 0
75 udp 26.3 75.0 76 65
75 ours 53.9 75.0 100 28
75 tcp 51.5 51.5 100 0
75 udp 28.8 73.9 82 61
75 ours 49.0 75.0 100 34
75 tcp 56.7 56.7 99 0
75 udp 24.2 75.0 72 68
75 ours 50.7 75.0 100 32
75 tcp 58.9 58.9 100 0
80 udp 23.1 80.0 72 71
80 ours 48.9 80.0 100 39
80 tcp 58.8 58.8 100 0
80 udp 25.2 80.0 75 68
80 ours 48.6 80.0 100 39
80 tcp 56.7 56.7 97 0
80 udp 23.0 80.0 73 71
80 ours 54.3 80.0 100 32
80 tcp 49.5 49.5 84 0
80 udp 23.2 80.0 73 71
80 ours 49.3 80.0 100 38
80 tcp 54.9 54.9 100 0
80 udp 24.8 80.0 74 69
80 ours 49.5 80.0 100 38
80 tcp 56.7 56.7 99 0
