20 udp 28.5 65.0 71 56
20 ours 49.7 64.6 100 23
20 udp 16.3 65.0 53 75
20 ours 50.0 64.6 100 22
20 udp 28.2 65.0 72 57
20 ours 47.8 64.6 100 26
20 udp 17.7 65.0 63 73
20 ours 51.0 64.6 100 21
20 udp 24.5 65.0 70 62
20 ours 50.1 64.6 100 22
100 udp 28.4 65.0 65 56
100 ours 53.2 65.0 100 18
100 udp 28.1 65.0 69 57
100 ours 49.9 64.6 100 23
100 udp 27.8 65.0 70 57
100 ours 49.9 64.9 100 23
100 udp 26.9 65.0 74 59
100 ours 50.4 64.7 100 22
100 udp 22.2 65.0 69 66
100 ours 51.5 64.8 100 20
250 udp 28.6 65.0 70 56
250 ours 50.3 64.6 100 22
250 udp 23.4 65.0 70 64
250 ours 50.5 64.6 100 22
250 udp 28.3 65.0 68 57
250 ours 50.9 64.7 100 21
250 udp 28.1 65.0 71 57
250 ours 49.9 64.0 100 22
250 udp 19.7 65.0 42 70
250 ours 50.6 64.7 100 22
1000 udp 28.2 65.0 70 57
1000 ours 51.0 64.7 100 21
1000 udp 28.4 65.0 73 56
1000 ours 50.5 64.9 100 22
1000 udp 28.0 65.0 70 57
1000 udp 28.2 65.0 71 57
1000 ours 45.6 64.8 99 30
1000 udp 28.1 65.0 70 57
1000 ours 53.8 64.7 100 17
4000 udp 28.3 65.0 69 57
4000 ours 47.7 62.9 100 24
4000 udp 28.9 65.0 73 56
4000 ours 49.8 64.7 100 23
4000 udp 25.1 65.0 69 61
4000 ours 49.7 64.7 100 23
4000 udp 28.5 65.0 71 56
4000 ours 50.2 64.7 100 22
4000 udp 26.4 65.0 70 59
4000 ours 54.5 64.7 100 16
10000 udp 28.5 65.0 71 56
10000 ours 49.6 64.7 100 23
10000 udp 27.6 65.0 70 58
10000 ours 49.8 64.8 100 23
10000 udp 22.8 65.0 51 65
10000 ours 50.5 64.9 100 22
10000 udp 27.4 63.8 70 57
10000 ours 53.4 64.7 100 17
10000 udp 28.2 65.0 68 57
10000 ours 49.9 64.8 100 23
