1500 1 udp_plain 3.38 86
1500 1 udp_sockopt 6.42 91
1500 1 udp_ours 25.95 100
1500 1 tcp 30.9 92
1500 1 udp_plain 3.4 87
1500 1 udp_sockopt 6.42 91
1500 1 udp_ours 26.32 100
1500 1 tcp 30.7 91
1500 1 udp_plain 4.61 88
1500 1 udp_sockopt 6.42 91
1500 1 udp_ours 25.42 100
1500 1 tcp 31 92
1500 1 udp_plain 3.36 87
1500 1 udp_sockopt 6.68 92
1500 1 udp_ours 25.22 100
1500 1 tcp 30.9 92
1500 1 udp_plain 3.44 87
1500 1 udp_sockopt 6.37 91
1500 1 udp_ours 25.93 100
1500 1 tcp 31 92
1500 2 udp_plain 9.34 99
1500 2 udp_sockopt 9.99 100
1500 2 udp_ours 23.61 100
1500 2 tcp 31.7 99
1500 2 udp_plain 9.25 100
1500 2 udp_sockopt 9.43 100
1500 2 udp_ours 23.61 100
1500 2 tcp 31.7 98
1500 2 udp_plain 9.36 99
1500 2 udp_sockopt 9.56 100
1500 2 udp_ours 23.58 100
1500 2 tcp 31.7 99
1500 2 udp_plain 9.26 99
1500 2 udp_sockopt 9.63 100
1500 2 udp_ours 23.57 100
1500 2 tcp 31.6 99
1500 2 udp_plain 9.26 99
1500 2 udp_sockopt 10.15 100
1500 2 udp_ours 23.52 100
1500 2 tcp 31.8 99
1500 4 udp_plain 12.7 100
1500 4 udp_sockopt 12.95 100
1500 4 udp_ours 22.43 100
1500 4 tcp 30.78 100
1500 4 udp_plain 11.75 100
1500 4 udp_sockopt 11.83 100
1500 4 udp_ours 22.49 100
1500 4 tcp 30.78 100
1500 4 udp_plain 12.48 100
1500 4 udp_sockopt 13.04 100
1500 4 udp_ours 22.37 100
1500 4 tcp 30.86 100
1500 4 udp_plain 13.11 100
1500 4 udp_sockopt 12.81 100
1500 4 udp_ours 22.63 100
1500 4 tcp 30.67 100
1500 4 udp_plain 12.45 100
1500 4 udp_sockopt 12.91 100
1500 4 udp_ours 22.1 100
1500 4 tcp 30.58 100
1500 8 udp_plain 18.94 100
1500 8 udp_sockopt 18.64 100
1500 8 udp_ours 23.21 100
1500 8 tcp 28.6 100
1500 8 udp_plain 18.59 100
1500 8 udp_sockopt 19.09 100
1500 8 udp_ours 22.91 100
1500 8 tcp 28.47 100
1500 8 udp_plain 18.89 100
1500 8 udp_sockopt 19.45 100
1500 8 udp_ours 23.05 100
1500 8 tcp 28.49 100
1500 8 udp_plain 19.07 100
1500 8 udp_sockopt 19.81 100
1500 8 udp_ours 22.66 100
1500 8 tcp 28.48 100
1500 8 udp_plain 18.75 100
1500 8 udp_sockopt 19.6 100
1500 8 udp_ours 23.17 100
1500 8 tcp 28.5 100
1500 16 udp_plain 18.21 100
1500 16 udp_sockopt 17.87 100
1500 16 udp_ours 21.52 100
1500 16 tcp 25.24 100
1500 16 udp_plain 17.89 100
1500 16 udp_sockopt 19.47 100
1500 16 udp_ours 21.78 100
1500 16 tcp 25.52 100
1500 16 udp_plain 17.39 100
1500 16 udp_sockopt 18.76 100
1500 16 udp_ours 21.82 100
1500 16 tcp 25.6 100
1500 16 udp_plain 17.79 100
1500 16 udp_sockopt 19.28 100
1500 16 udp_ours 21.64 100
1500 16 tcp 26.63 100
1500 16 udp_plain 17.42 100
1500 16 udp_sockopt 19.56 100
1500 16 udp_ours 20.94 100
1500 16 tcp 25.65 100
3000 1 udp_plain 16.84 83
3000 1 udp_sockopt 33.79 98
3000 1 udp_ours 41.98 100
3000 1 tcp 33 71
3000 1 udp_plain 16.97 84
3000 1 udp_sockopt 33.7 98
3000 1 udp_ours 41.39 100
3000 1 tcp 32.7 70
3000 1 udp_plain 16.74 84
3000 1 udp_sockopt 33.56 98
3000 1 udp_ours 41.71 100
3000 1 tcp 33 71
3000 1 udp_plain 17.01 85
3000 1 udp_sockopt 33.71 99
3000 1 udp_ours 41.23 100
3000 1 tcp 32.9 70
3000 1 udp_plain 17.09 85
3000 1 udp_sockopt 33.61 98
3000 1 udp_ours 41.3 100
3000 1 tcp 32.8 71
3000 2 udp_plain 30.98 98
3000 2 udp_sockopt 33.7 100
3000 2 udp_ours 37.99 100
3000 2 tcp 36.3 82
3000 2 udp_plain 30.93 98
3000 2 udp_sockopt 33.07 100
3000 2 udp_ours 38.04 100
3000 2 tcp 35.9 80
3000 2 udp_plain 31.22 99
3000 2 udp_sockopt 33.29 100
3000 2 udp_ours 37.79 100
3000 2 tcp 35.9 81
3000 2 udp_plain 30.96 98
3000 2 udp_sockopt 33.29 100
3000 2 udp_ours 37.89 100
3000 2 tcp 36.2 82
3000 2 udp_plain 26.01 88
3000 2 udp_sockopt 32.74 100
3000 2 udp_ours 38.23 100
3000 2 tcp 35.9 81
3000 4 udp_plain 32.28 100
3000 4 udp_sockopt 33.65 100
3000 4 udp_ours 38.01 100
3000 4 tcp 38.52 91
3000 4 udp_plain 32.44 100
3000 4 udp_sockopt 32.96 100
3000 4 udp_ours 37.7 100
3000 4 tcp 38.27 90
3000 4 udp_plain 32.38 100
3000 4 udp_sockopt 33.27 100
3000 4 udp_ours 37.28 100
3000 4 tcp 38.43 91
3000 4 udp_plain 31.35 100
3000 4 udp_sockopt 33.21 100
3000 4 udp_ours 37.56 100
3000 4 tcp 38.48 91
3000 4 udp_plain 32.12 100
3000 4 udp_sockopt 33.79 100
3000 4 udp_ours 37.59 100
3000 4 tcp 36.88 86
3000 8 udp_plain 29.87 100
3000 8 udp_sockopt 32.57 100
3000 8 udp_ours 33.53 100
3000 8 tcp 38.76 94
3000 8 udp_plain 30.3 100
3000 8 udp_sockopt 31.75 100
3000 8 udp_ours 36.78 100
3000 8 tcp 39.59 96
3000 8 udp_plain 30.42 100
3000 8 udp_sockopt 32.16 100
3000 8 udp_ours 36.96 100
3000 8 tcp 39.56 97
3000 8 udp_plain 30.43 100
3000 8 udp_sockopt 31.95 100
3000 8 udp_ours 36.65 100
3000 8 tcp 39.19 96
3000 8 udp_plain 30.03 100
3000 8 udp_sockopt 32.15 100
3000 8 udp_ours 37.03 100
3000 8 tcp 39.53 96
3000 16 udp_plain 35 100
3000 16 udp_sockopt 39.36 100
3000 16 udp_ours 35.47 100
3000 16 tcp 36.61 100
3000 16 udp_plain 34.84 100
3000 16 udp_sockopt 39.83 100
3000 16 udp_ours 35.27 100
3000 16 tcp 35.53 100
3000 16 udp_plain 34.28 100
3000 16 udp_sockopt 39.22 100
3000 16 udp_ours 35.84 100
3000 16 tcp 38.15 100
3000 16 udp_plain 34.18 100
3000 16 udp_sockopt 37.6 100
3000 16 udp_ours 31.32 100
3000 16 tcp 36.4 100
3000 16 udp_plain 34.96 100
3000 16 udp_sockopt 35.45 100
3000 16 udp_ours 35.94 100
3000 16 tcp 35.75 100
4500 1 udp_plain 11.76 87
4500 1 udp_sockopt 24.98 99
4500 1 udp_ours 35.65 100
4500 1 tcp 35.4 79
4500 1 udp_plain 11.65 86
4500 1 udp_sockopt 25.1 98
4500 1 udp_ours 40.05 100
4500 1 tcp 34.9 78
4500 1 udp_plain 11.7 87
4500 1 udp_sockopt 25.3 98
4500 1 udp_ours 35.3 100
4500 1 tcp 34.6 78
4500 1 udp_plain 11.67 86
4500 1 udp_sockopt 25.12 98
4500 1 udp_ours 35.71 100
4500 1 tcp 35.6 79
4500 1 udp_plain 11.76 86
4500 1 udp_sockopt 25.11 99
4500 1 udp_ours 36.58 100
4500 1 tcp 34.5 79
4500 2 udp_plain 22.66 99
4500 2 udp_sockopt 23.09 100
4500 2 udp_ours 32.7 100
4500 2 tcp 37.3 85
4500 2 udp_plain 22.77 99
4500 2 udp_sockopt 22.54 100
4500 2 udp_ours 32.77 100
4500 2 tcp 37.4 85
4500 2 udp_plain 22.93 99
4500 2 udp_sockopt 23.36 100
4500 2 udp_ours 32.9 100
4500 2 tcp 37.3 85
4500 2 udp_plain 22.73 99
4500 2 udp_sockopt 22.82 100
4500 2 udp_ours 32.86 100
4500 2 tcp 37.4 85
4500 2 udp_plain 22.31 98
4500 2 udp_sockopt 22.86 100
4500 2 udp_ours 32.9 100
4500 2 tcp 37.4 85
4500 4 udp_plain 21.13 100
4500 4 udp_sockopt 21.39 100
4500 4 udp_ours 31.75 100
4500 4 tcp 39.04 92
4500 4 udp_plain 20.78 100
4500 4 udp_sockopt 20.71 100
4500 4 udp_ours 31.77 100
4500 4 tcp 38.7 90
4500 4 udp_plain 20.67 100
4500 4 udp_sockopt 20.42 100
4500 4 udp_ours 31.51 100
4500 4 tcp 39.25 92
4500 4 udp_plain 20.91 100
4500 4 udp_sockopt 19.93 100
4500 4 udp_ours 31.76 100
4500 4 tcp 39.23 92
4500 4 udp_plain 19.68 100
4500 4 udp_sockopt 20.13 100
4500 4 udp_ours 31.22 100
4500 4 tcp 39.48 93
4500 8 udp_plain 21.49 100
4500 8 udp_sockopt 19.31 100
4500 8 udp_ours 32.42 100
4500 8 tcp 39.74 96
4500 8 udp_plain 20.75 100
4500 8 udp_sockopt 19.55 100
4500 8 udp_ours 31.97 100
4500 8 tcp 40.14 97
4500 8 udp_plain 21.69 100
4500 8 udp_sockopt 20.26 100
4500 8 udp_ours 32.79 100
4500 8 tcp 39.81 96
4500 8 udp_plain 20.69 100
4500 8 udp_sockopt 19.52 100
4500 8 udp_ours 31.7 100
4500 8 tcp 39.93 96
4500 8 udp_plain 21.03 100
4500 8 udp_sockopt 18.56 100
4500 8 udp_ours 32.45 100
4500 8 tcp 39.82 97
4500 16 udp_plain 19.84 100
4500 16 udp_sockopt 16.89 100
4500 16 udp_ours 32.08 100
4500 16 tcp 34.76 100
4500 16 udp_plain 17.39 100
4500 16 udp_sockopt 20.12 100
4500 16 udp_ours 31.76 99
4500 16 tcp 33.82 100
4500 16 udp_plain 18.89 100
4500 16 udp_sockopt 18.07 100
4500 16 udp_ours 31.88 100
4500 16 tcp 35.6 100
4500 16 udp_plain 18.35 100
4500 16 udp_sockopt 15.93 100
4500 16 udp_ours 31.47 100
4500 16 tcp 36.67 100
4500 16 udp_plain 17.26 100
4500 16 udp_sockopt 18.13 100
4500 16 udp_ours 31.51 100
4500 16 tcp 34.79 100
6000 1 udp_plain 15.07 73
6000 1 udp_sockopt 30.68 90
6000 1 udp_ours 45.19 86
6000 1 tcp 34.6 74
6000 1 udp_plain 15.17 75
6000 1 udp_sockopt 31.46 92
6000 1 udp_ours 46.73 100
6000 1 tcp 35.8 73
6000 1 udp_plain 16.02 71
6000 1 udp_sockopt 30.64 90
6000 1 udp_ours 45.13 86
6000 1 tcp 36.7 75
6000 1 udp_plain 15.57 73
6000 1 udp_sockopt 30.64 89
6000 1 udp_ours 45.02 86
6000 1 tcp 35.6 74
6000 1 udp_plain 15.04 74
6000 1 udp_sockopt 30.62 90
6000 1 udp_ours 45.71 89
6000 1 tcp 35.1 74
6000 2 udp_plain 29.45 90
6000 2 udp_sockopt 37.03 99
6000 2 udp_ours 42.84 93
6000 2 tcp 37.8 79
6000 2 udp_plain 30.01 92
6000 2 udp_sockopt 36.6 99
6000 2 udp_ours 42.9 94
6000 2 tcp 37.5 77
6000 2 udp_plain 29.92 92
6000 2 udp_sockopt 37.25 100
6000 2 udp_ours 42.92 93
6000 2 tcp 37.9 81
6000 2 udp_plain 29.19 90
6000 2 udp_sockopt 37.06 100
6000 2 udp_ours 42.88 93
6000 2 tcp 38.2 79
6000 2 udp_plain 29.81 92
6000 2 udp_sockopt 36.94 100
6000 2 udp_ours 43.96 90
6000 2 tcp 38.1 79
6000 4 udp_plain 34.02 99
6000 4 udp_sockopt 30.56 96
6000 4 udp_ours 43.97 89
6000 4 tcp 39.24 84
6000 4 udp_plain 34.2 100
6000 4 udp_sockopt 33.15 100
6000 4 udp_ours 43.95 88
6000 4 tcp 39.65 84
6000 4 udp_plain 34.39 100
6000 4 udp_sockopt 27.15 98
6000 4 udp_ours 43.48 92
6000 4 tcp 39.25 83
6000 4 udp_plain 33.88 100
6000 4 udp_sockopt 33.24 100
6000 4 udp_ours 43.28 90
6000 4 tcp 39.38 84
6000 4 udp_plain 34.49 99
6000 4 udp_sockopt 31.39 100
6000 4 udp_ours 44.03 89
6000 4 tcp 38.18 80
6000 8 udp_plain 31.31 100
6000 8 udp_sockopt 32.48 100
6000 8 udp_ours 37.14 100
6000 8 tcp 40.64 88
6000 8 udp_plain 31.85 100
6000 8 udp_sockopt 32.34 100
6000 8 udp_ours 38.06 100
6000 8 tcp 40.55 88
6000 8 udp_plain 31.4 100
6000 8 udp_sockopt 30.01 100
6000 8 udp_ours 41.06 97
6000 8 tcp 40.66 89
6000 8 udp_plain 31.45 100
6000 8 udp_sockopt 32.14 100
6000 8 udp_ours 43.02 97
6000 8 tcp 40.45 88
6000 8 udp_plain 32.84 100
6000 8 udp_sockopt 31.97 100
6000 8 udp_ours 36.41 100
6000 8 tcp 40.21 87
6000 16 udp_plain 33.63 100
6000 16 udp_sockopt 30.2 100
6000 16 udp_ours 35.56 100
6000 16 tcp 41.74 91
6000 16 udp_plain 30.27 100
6000 16 udp_sockopt 34.11 100
6000 16 udp_ours 38.94 100
6000 16 tcp 41.55 91
6000 16 udp_plain 31.55 100
6000 16 udp_sockopt 31.12 100
6000 16 udp_ours 38.41 100
6000 16 tcp 42.08 91
6000 16 udp_plain 31.69 100
6000 16 udp_sockopt 30.88 100
6000 16 udp_ours 37.45 100
6000 16 tcp 42.59 91
6000 16 udp_plain 31.29 100
6000 16 udp_sockopt 33.95 100
6000 16 udp_ours 38.25 100
6000 16 tcp 44.5 91
7500 1 udp_plain 17.96 68
7500 1 udp_sockopt 32.9 83
7500 1 udp_ours 46.73 100
7500 1 tcp 36.2 70
7500 1 udp_plain 17.92 69
7500 1 udp_sockopt 32.87 83
7500 1 udp_ours 48.24 97
7500 1 tcp 35.5 69
7500 1 udp_plain 17.96 68
7500 1 udp_sockopt 32.89 83
7500 1 udp_ours 50.28 99
7500 1 tcp 35.4 69
7500 1 udp_plain 17.97 68
7500 1 udp_sockopt 32.81 83
7500 1 udp_ours 47.34 95
7500 1 tcp 35.1 68
7500 1 udp_plain 17.91 68
7500 1 udp_sockopt 32.92 83
7500 1 udp_ours 47.35 94
7500 1 tcp 35.9 69
7500 2 udp_plain 32.01 84
7500 2 udp_sockopt 47.58 100
7500 2 udp_ours 48.87 86
7500 2 tcp 37.8 75
7500 2 udp_plain 32.37 85
7500 2 udp_sockopt 47.3 100
7500 2 udp_ours 48.89 87
7500 2 tcp 37.8 74
7500 2 udp_plain 32.35 85
7500 2 udp_sockopt 46.92 100
7500 2 udp_ours 48.87 87
7500 2 tcp 38 76
7500 2 udp_plain 32.63 85
7500 2 udp_sockopt 48.09 100
7500 2 udp_ours 48.88 87
7500 2 tcp 38.1 75
7500 2 udp_plain 32.13 84
7500 2 udp_sockopt 46.24 100
7500 2 udp_ours 49.17 86
7500 2 tcp 38.6 77
7500 4 udp_plain 43.76 100
7500 4 udp_sockopt 42.37 100
7500 4 udp_ours 46.73 94
7500 4 tcp 39.3 79
7500 4 udp_plain 34.66 97
7500 4 udp_sockopt 41.23 100
7500 4 udp_ours 44.92 93
7500 4 tcp 39.07 80
7500 4 udp_plain 44.11 100
7500 4 udp_sockopt 38.38 97
7500 4 udp_ours 48.5 89
7500 4 tcp 39.57 80
7500 4 udp_plain 36.75 94
7500 4 udp_sockopt 42.98 100
7500 4 udp_ours 47.53 89
7500 4 tcp 39.04 80
7500 4 udp_plain 45.07 100
7500 4 udp_sockopt 41.98 100
7500 4 udp_ours 46.94 90
7500 4 tcp 39.61 80
7500 8 udp_plain 34.04 100
7500 8 udp_sockopt 33.83 100
7500 8 udp_ours 40.71 100
7500 8 tcp 40.36 83
7500 8 udp_plain 39.31 100
7500 8 udp_sockopt 39.84 100
7500 8 udp_ours 41.97 100
7500 8 tcp 40.21 83
7500 8 udp_plain 36.86 100
7500 8 udp_sockopt 38.57 100
7500 8 udp_ours 40.26 100
7500 8 tcp 40.2 83
7500 8 udp_plain 38.65 100
7500 8 udp_sockopt 40.21 100
7500 8 udp_ours 39.88 100
7500 8 tcp 40.4 83
7500 8 udp_plain 39.82 100
7500 8 udp_sockopt 38.23 100
7500 8 udp_ours 39.28 100
7500 8 tcp 40.39 82
7500 16 udp_plain 30.99 100
7500 16 udp_sockopt 37.3 100
7500 16 udp_ours 38.48 100
7500 16 tcp 41.46 85
7500 16 udp_plain 33.35 100
7500 16 udp_sockopt 34.53 100
7500 16 udp_ours 39.21 100
7500 16 tcp 41.4 85
7500 16 udp_plain 37.01 100
7500 16 udp_sockopt 31.84 100
7500 16 udp_ours 41.78 100
7500 16 tcp 44.18 85
7500 16 udp_plain 34.33 100
7500 16 udp_sockopt 30.46 100
7500 16 udp_ours 41.25 100
7500 16 tcp 42.95 85
7500 16 udp_plain 33.39 100
7500 16 udp_sockopt 30.45 100
7500 16 udp_ours 39.09 100
7500 16 tcp 41.37 86
9000 1 udp_plain 13.37 65
9000 1 udp_sockopt 23.03 76
9000 1 udp_ours 50.34 100
9000 1 tcp 57.9 100
9000 1 udp_plain 12.89 67
9000 1 udp_sockopt 22.37 70
9000 1 udp_ours 52.11 100
9000 1 tcp 58 99
9000 1 udp_plain 13.25 66
9000 1 udp_sockopt 21.57 69
9000 1 udp_ours 51.9 100
9000 1 tcp 50.3 96
9000 1 udp_plain 12.89 66
9000 1 udp_sockopt 23.88 73
9000 1 udp_ours 55.13 100
9000 1 tcp 58 99
9000 1 udp_plain 12.53 67
9000 1 udp_sockopt 25.06 75
9000 1 udp_ours 51.99 100
9000 1 tcp 58.1 99
9000 2 udp_plain 18.33 64
9000 2 udp_sockopt 31.18 81
9000 2 udp_ours 46.9 100
9000 2 tcp 46.8 99
9000 2 udp_plain 16.04 64
9000 2 udp_sockopt 31.13 81
9000 2 udp_ours 46.75 100
9000 2 tcp 46.7 99
9000 2 udp_plain 16.43 64
9000 2 udp_sockopt 32.73 81
9000 2 udp_ours 46.95 100
9000 2 tcp 52.2 100
9000 2 udp_plain 16.4 64
9000 2 udp_sockopt 30.77 82
9000 2 udp_ours 46.52 100
9000 2 tcp 48.8 100
9000 2 udp_plain 16.91 65
9000 2 udp_sockopt 30.92 81
9000 2 udp_ours 46.37 100
9000 2 tcp 52.1 100
9000 4 udp_plain 30.74 85
9000 4 udp_sockopt 44.06 100
9000 4 udp_ours 43.84 100
9000 4 tcp 43.9 100
9000 4 udp_plain 28.49 86
9000 4 udp_sockopt 44.47 100
9000 4 udp_ours 44.09 100
9000 4 tcp 44.2 100
9000 4 udp_plain 29.41 84
9000 4 udp_sockopt 42.21 100
9000 4 udp_ours 44.33 100
9000 4 tcp 43.6 100
9000 4 udp_plain 30.06 85
9000 4 udp_sockopt 41.65 100
9000 4 udp_ours 45.27 100
9000 4 tcp 44.5 100
9000 4 udp_plain 32.75 86
9000 4 udp_sockopt 42.5 100
9000 4 udp_ours 45.52 100
9000 4 tcp 43.3 100
9000 8 udp_plain 34.29 100
9000 8 udp_sockopt 38.85 100
9000 8 udp_ours 43.76 100
9000 8 tcp 42.64 100
9000 8 udp_plain 35.08 100
9000 8 udp_sockopt 37.56 100
9000 8 udp_ours 44.06 100
9000 8 tcp 42.74 100
9000 8 udp_plain 38.62 100
9000 8 udp_sockopt 38 100
9000 8 udp_ours 42.15 100
9000 8 tcp 42.42 100
9000 8 udp_plain 38.4 100
9000 8 udp_sockopt 38.35 100
9000 8 udp_ours 41.79 100
9000 8 tcp 42.88 100
9000 8 udp_plain 34.4 100
9000 8 udp_sockopt 38.72 100
9000 8 udp_ours 44.15 100
9000 8 tcp 42.19 100
9000 16 udp_plain 36.94 100
9000 16 udp_sockopt 37.13 100
9000 16 udp_ours 41.01 100
9000 16 tcp 35.49 100
9000 16 udp_plain 35.66 100
9000 16 udp_sockopt 36.01 100
9000 16 udp_ours 46.19 100
9000 16 tcp 35.71 100
9000 16 udp_plain 39.89 100
9000 16 udp_sockopt 38.86 100
9000 16 udp_ours 46.02 100
9000 16 tcp 35.38 100
9000 16 udp_plain 37.42 100
9000 16 udp_sockopt 37.02 100
9000 16 udp_ours 45.17 100
9000 16 tcp 37.43 100
9000 16 udp_plain 37.94 100
9000 16 udp_sockopt 35.42 100
9000 16 udp_ours 44.82 100
9000 16 tcp 35.94 100
