1500 udp 4.48 65.0 100 93
1500 ours 25.6 64.9 100 61
1500 tcp 31.0 31.0 92 0
1500 udp 4.55 65.0 100 93
1500 ours 24.9 64.8 100 62
1500 tcp 31.0 31.0 92 0
1500 ours 25.6 64.9 100 61
1500 tcp 31.0 31.0 92 0
1500 udp 4.48 65.0 100 93
1500 tcp 31.1 31.1 93 0
1500 udp 4.59 65.0 100 93
1500 ours 24.9 65.0 100 62
1500 tcp 31.0 31.0 92 0
3000 udp 30.3 65.0 89 53
3000 tcp 32.7 32.7 71 0
3000 ours 42.7 64.1 100 33
3000 tcp 32.7 32.7 71 0
3000 ours 44.0 64.6 100 32
3000 tcp 32.3 32.3 69 0
3000 udp 30.4 65.0 90 53
3000 ours 44.0 64.6 100 32
3000 tcp 32.0 32.0 71 0
3000 udp 30.5 65.0 90 53
3000 ours 43.0 65.0 100 34
3000 tcp 32.9 32.9 72 0
4500 udp 24.5 65.0 91 62
4500 ours 36.3 64.8 100 44
4500 tcp 35.3 35.3 79 0
4500 udp 20.5 65.0 86 68
4500 ours 35.6 65.0 100 45
4500 tcp 34.8 34.8 78 0
4500 udp 24.2 65.0 90 63
4500 tcp 34.5 34.5 78 0
4500 udp 24.6 65.0 91 62
4500 ours 33.1 64.8 100 49
4500 tcp 35.3 35.3 78 0
4500 udp 24.1 65.0 90 63
4500 ours 34.3 64.9 100 47
4500 tcp 33.9 33.9 78 0
6000 udp 28.7 65.0 80 56
6000 ours 43.9 65.0 100 32
6000 tcp 33.8 33.8 71 0
6000 udp 32.4 65.0 83 50
6000 ours 43.8 63.5 96 31
6000 tcp 35.8 35.8 72 0
6000 udp 32.4 65.0 83 50
6000 ours 42.3 63.2 100 33
6000 tcp 36.1 36.1 74 0
6000 udp 32.6 65.0 84 50
6000 ours 42.5 63.5 100 33
6000 tcp 35.9 35.9 74 0
6000 ours 42.2 64.1 100 34
6000 tcp 35.7 35.7 75 0
7500 udp 30.9 65.0 72 52
7500 ours 49.1 64.8 100 24
7500 tcp 36.3 36.3 70 0
7500 udp 29.3 65.0 56 55
7500 ours 47.4 64.9 100 27
7500 tcp 35.4 35.4 70 0
7500 udp 30.9 65.0 73 52
7500 ours 39.7 64.9 86 39
7500 tcp 35.4 35.4 69 0
7500 udp 31.0 65.0 74 52
7500 ours 42.8 64.8 94 34
7500 tcp 35.1 35.1 68 0
7500 udp 30.9 65.0 73 52
7500 ours 47.3 64.9 100 27
7500 tcp 34.7 34.7 66 0
9000 udp 28.2 65.0 70 57
9000 tcp 55.4 55.4 96 0
9000 udp 28.2 65.0 70 57
9000 ours 50.3 64.6 100 22
9000 tcp 56.4 56.4 100 0
9000 udp 28.1 65.0 70 57
9000 ours 50.1 63.4 100 21
9000 tcp 57.3 57.3 100 0
9000 udp 27.9 65.0 70 57
9000 ours 50.1 64.7 100 22
9000 tcp 56.0 56.0 96 0
9000 udp 28.0 65.0 70 57
9000 ours 50.1 63.5 100 21
9000 tcp 57.9 57.9 99 0
