1 stock 2.65 2147483648 22
1 ours 2.31 2147483648 25
1 stock 2.68 2147483648 22
1 ours 2.36 2147483648 25
1 stock 2.78 2147483648 21
1 ours 2.40 2147483648 24
2 stock 2.94 4294967296 52
2 ours 2.74 4294967296 53
2 stock 2.94 4294967296 52
2 ours 2.75 4294967296 53
2 stock 2.90 4294967296 54
2 ours 2.73 4294967296 53
4 stock 2.86 8589934592 89
4 ours 2.78 8589934592 85
4 stock 2.63 8589934592 83
4 ours 2.95 8589934592 87
4 stock 2.72 8589934592 83
4 ours 2.90 8589934592 87
8 stock 2.76 17179869184 67
8 ours 2.83 17179869184 65
8 stock 2.69 17179869184 66
8 ours 2.71 17179869184 53
8 stock 2.62 17179869184 56
8 ours 2.84 17179869184 63
