1500 1 udp_plain 3.74 135.4 386.8 0.3
1500 1 udp_sockopt 7.1 197.6 561.9 0.12
1500 1 udp_ours 26.05 125 277 18.18
1500 1 tcp 30.5 59.3 269.2 0.07
1500 1 udp_plain 3.65 102.9 390.4 0.29
1500 1 udp_sockopt 7.05 128.5 521.7 0.22
1500 1 udp_ours 26.25 135.7 270.2 48.19
1500 1 tcp 30.6 59.7 271.7 0.04
1500 1 udp_plain 3.66 111.6 385.1 0.28
1500 1 udp_sockopt 6.97 99.1 518.2 0.24
1500 1 udp_ours 26.07 129.1 233 13.84
1500 1 tcp 30.8 60.6 251.5 0.1
1500 1 udp_plain 3.63 112.5 369.5 0.27
1500 1 udp_sockopt 7 125.7 585 0.22
1500 1 udp_ours 25.63 121.7 257 17.86
1500 1 tcp 30.7 59.1 273.7 0.15
1500 1 udp_plain 3.65 137.1 436.8 0.29
1500 1 udp_sockopt 6.65 129.5 517.3 0.29
1500 1 udp_ours 25.11 122.5 241.9 28.37
1500 1 tcp 30.6 60.4 275.3 0.05
1500 2 udp_plain 8.96 178.1 714.9 0.02
1500 2 udp_sockopt 9.47 170.7 2728.9 0.01
1500 2 udp_ours 23.53 130.2 926.3 17.03
1500 2 tcp 31.5 66.6 684.2 0.15
1500 2 udp_plain 9.02 185.6 827.7 0
1500 2 udp_sockopt 9.7 166.7 2448 0.02
1500 2 udp_ours 23.55 131.6 391.9 17.86
1500 2 tcp 31.6 64.4 652.9 0.16
1500 2 udp_plain 9.04 180.7 881.8 0.01
1500 2 udp_sockopt 9.82 144.2 2523.2 0
1500 2 udp_ours 23.51 132 923.6 17.65
1500 2 tcp 31.4 68.9 661.2 0.18
1500 2 udp_plain 8.98 187.3 933.7 0
1500 2 udp_sockopt 9.67 138.4 2869.1 0.01
1500 2 udp_ours 23.58 130.6 732.9 16
1500 2 tcp 31.5 67.6 557 0.2
1500 2 udp_plain 9.02 181.8 1117.8 0.02
1500 2 udp_sockopt 9.34 159.3 3082.7 0.02
1500 2 udp_ours 23.57 131.2 924 18.02
1500 2 tcp 31.4 66 599.7 0.15
1500 4 udp_plain 12.27 175.7 804.3 0
1500 4 udp_sockopt 13 172.5 1267.6 0.01
1500 4 udp_ours 22.43 168.2 1541.3 24.84
1500 4 tcp 30.61 68.6 781.1 0.26
1500 4 udp_plain 11.81 193.7 965.4 0.01
1500 4 udp_sockopt 12.29 188.7 1361.6 0.01
1500 4 udp_ours 22.56 202.7 2653.1 43.33
1500 4 tcp 30.59 70.9 782.8 0.19
1500 4 udp_plain 12.22 184.2 929.5 0
1500 4 udp_sockopt 12.41 180.1 1265.7 0.01
1500 4 udp_ours 22.34 149.2 2272.9 40.21
1500 4 tcp 30.58 77.1 827.1 0.2
1500 4 udp_plain 12.39 175.5 859.8 0.01
1500 4 udp_sockopt 13.11 159.7 1286.4 0.01
1500 4 udp_ours 22.48 169.3 1852.6 31.97
1500 4 tcp 30.6 70.6 877.2 0.2
1500 4 udp_plain 12.42 174.6 944.5 0
1500 4 udp_sockopt 12.66 177.8 1286.7 0
1500 4 udp_ours 22.37 153.4 2285.9 35.14
1500 4 tcp 30.6 72.3 867.5 0.2
1500 8 udp_plain 16.33 108.1 939.1 0
1500 8 udp_sockopt 19.31 148.9 999.8 0
1500 8 udp_ours 22.98 160.3 1727.2 15.87
1500 8 tcp 28.36 75.7 1588.8 0.25
1500 8 udp_plain 18.4 135.4 1068.7 0.01
1500 8 udp_sockopt 17.38 97.4 960.5 0
1500 8 udp_ours 22.43 152.7 1852.8 27.27
1500 8 tcp 28.43 77.9 1537.2 0.26
1500 8 udp_plain 18.05 140 1152.9 0.02
1500 8 udp_sockopt 19.35 144 914.8 0
1500 8 udp_ours 22.91 116 1707.8 21.74
1500 8 tcp 28.24 77.7 1417.9 0.27
1500 8 udp_plain 17.11 137.7 1140.4 0
1500 8 udp_sockopt 19.25 146.5 1056.5 0
1500 8 udp_ours 23.2 115.5 2158.5 16.88
1500 8 tcp 28.42 74.2 1366 0.28
1500 8 udp_plain 16.57 143.7 1098.8 0.01
1500 8 udp_sockopt 19.91 140.8 914.2 0
1500 8 udp_ours 23.19 140.6 2225.4 19.14
1500 8 tcp 28.29 73.5 1511.7 0.26
1500 16 udp_plain 17.81 145.4 2288.8 0
1500 16 udp_sockopt 18.29 167.7 2357.2 0
1500 16 udp_ours 21.04 158.4 1333.5 34.21
1500 16 tcp 25.38 116 2151.3 0.02
1500 16 udp_plain 17.5 149.6 2263.6 0.01
1500 16 udp_sockopt 19.63 157.4 2341.3 0.01
1500 16 udp_ours 21.48 166.1 1618.5 26.17
1500 16 tcp 25.4 115.4 2090.5 0.05
1500 16 udp_plain 17.66 148.5 2321.1 0.01
1500 16 udp_sockopt 18.95 153.3 2396.9 0.01
1500 16 udp_ours 21.57 172.9 1785.1 23.93
1500 16 tcp 25.49 121.7 1859.1 0.06
1500 16 udp_plain 17.22 151.1 2468.3 0
1500 16 udp_sockopt 18.6 161.8 2589 0
1500 16 udp_ours 21.52 156.4 2578.7 23.49
1500 16 tcp 25.43 118.7 1956 0.09
1500 16 udp_plain 17.05 153.4 2324.7 0
1500 16 udp_sockopt 17.59 161.7 2686.9 0.01
1500 16 udp_ours 20.6 127.6 1919 31.71
1500 16 tcp 25.38 115.7 2083.9 0.05
3000 1 udp_plain 16.74 69.3 132.5 0.43
3000 1 udp_sockopt 33.53 74.6 318 0.46
3000 1 udp_ours 41.58 128.5 175.1 8.53
3000 1 tcp 32.6 57 156.4 0.2
3000 1 udp_plain 16.97 67 129.3 0.45
3000 1 udp_sockopt 33.03 62.5 305.3 0.43
3000 1 udp_ours 42.39 128 161.4 14.13
3000 1 tcp 31.7 54.7 153.5 0.24
3000 1 udp_plain 16.97 66.9 134.7 0.87
3000 1 udp_sockopt 32.4 72.8 297.1 0.41
3000 1 udp_ours 42.87 97.7 354 44.94
3000 1 tcp 32.6 62 145.1 0.29
3000 1 udp_plain 16.68 63 133.2 0.44
3000 1 udp_sockopt 33.1 82.3 331.7 0.42
3000 1 udp_ours 41.32 116.4 419.1 22.86
3000 1 tcp 32.7 58.2 149.8 0.19
3000 1 udp_plain 16.9 71 128.5 0.4
3000 1 udp_sockopt 33.21 89.9 335.5 0.43
3000 1 udp_ours 41.62 125.6 567.1 19.12
3000 1 tcp 33.1 53.1 149 0.29
4500 1 udp_plain 11.88 80 155.6 0.46
4500 1 udp_sockopt 23.5 50.7 365.3 0.46
4500 1 udp_ours 35.43 129.5 154.6 5.44
4500 1 tcp 33.8 65 214.6 0.24
4500 1 udp_plain 11.95 52.1 152.4 0.47
4500 1 udp_sockopt 23.54 45.5 482.9 0.44
4500 1 udp_ours 35.54 126.6 187.7 9.8
4500 1 tcp 35.3 75.9 273.4 0.2
4500 1 udp_plain 11.91 51.9 150.7 0.44
4500 1 udp_sockopt 23.33 47.8 446.3 0.44
4500 1 udp_ours 40.4 135.3 154.6 13.7
4500 1 tcp 35.2 64.5 218.9 0.24
4500 1 udp_plain 12.01 53.1 150 0.45
4500 1 udp_sockopt 23.67 79.6 538.1 0.45
4500 1 udp_ours 35.23 130.8 148.2 11.36
4500 1 tcp 34.6 66.3 218.6 0.2
4500 1 udp_plain 11.84 50.9 155.9 0.47
4500 1 udp_sockopt 23.7 61.3 462.4 0.46
4500 1 udp_ours 40.16 132.3 203.1 21.74
4500 1 tcp 35.4 60.1 223.7 0.27
6000 1 udp_plain 14.97 49.1 158.1 0.49
6000 1 udp_sockopt 30.88 91 138.4 0.46
6000 1 udp_ours 45.15 135.1 3211.1 12.01
6000 1 tcp 35 61.5 194.9 0.27
6000 1 udp_plain 15.85 64 159.6 0.68
6000 1 udp_sockopt 30.76 85.4 136.7 0.69
6000 1 udp_ours 45.79 91.3 207.6 4.3
6000 1 tcp 34.8 59 194.8 0.27
6000 1 udp_plain 15.06 62.4 126 0.47
6000 1 udp_sockopt 31.14 91.2 136.5 0.46
6000 1 udp_ours 45.23 137.9 1119.6 5.83
6000 1 tcp 35.5 58.4 186.7 0.28
6000 1 udp_plain 16 52 161 0.48
6000 1 udp_sockopt 27.61 61.5 169.6 1.05
6000 1 udp_ours 45.2 135.4 4437.1 16
6000 1 tcp 36.2 62.9 195.5 0.3
6000 1 udp_plain 15.02 55.6 123.5 0.47
6000 1 udp_sockopt 30.71 91.2 166.7 0.46
6000 1 udp_ours 45.14 134.8 5007.8 17.54
6000 1 tcp 34.9 69.2 192.1 0.38
7500 1 udp_plain 19.99 54.6 155.2 0.48
7500 1 udp_sockopt 32.68 93.5 132.6 0.47
7500 1 udp_ours 46.49 91 103.5 0.6
7500 1 tcp 35 59 199.5 0.33
7500 1 udp_plain 18.43 92.6 125.3 0.53
7500 1 udp_sockopt 32.91 107.4 153 11.2
7500 1 udp_ours 47.26 92.4 179.1 25.97
7500 1 tcp 34.8 58.1 200.5 0.28
7500 1 udp_plain 17.91 89.5 119.6 0.47
7500 1 udp_sockopt 32.89 92.2 131.4 0.63
7500 1 udp_ours 47.07 93.3 107 0.5
7500 1 tcp 35.4 54.8 192.8 0.3
7500 1 udp_plain 17.91 93.5 124.5 0.45
7500 1 udp_sockopt 32.84 93.9 131.8 0.45
7500 1 udp_ours 47.03 91 113.3 0.74
7500 1 tcp 35.8 60.8 195.7 0.29
7500 1 udp_plain 18 91.4 120.7 0.46
7500 1 udp_sockopt 32.89 94.7 136 1.27
7500 1 udp_ours 46.77 91.1 106.9 0.47
7500 1 tcp 35.4 57.1 207.4 0.25
9000 1 udp_plain 13.12 95.7 240.4 0.16
9000 1 udp_sockopt 22.29 95.2 256.9 0.27
9000 1 udp_ours 51.84 177.9 264.5 6.35
9000 1 tcp 56.3 112.8 318 0
9000 1 udp_plain 14.26 86.2 140 0.02
9000 1 udp_sockopt 26.59 92.2 247 0.09
9000 1 udp_ours 54.36 104.9 188.7 1.42
9000 1 tcp 56.9 105.1 278.6 0.01
9000 1 udp_plain 12.54 91.5 210.3 0.05
9000 1 udp_sockopt 21.11 86.7 254.3 0.19
9000 1 udp_ours 52.12 102.2 187.1 1.4
9000 1 tcp 56.9 105.2 297.4 0.01
9000 1 udp_plain 13.67 91 217.8 0.07
9000 1 udp_sockopt 20.94 97.9 255.4 0.25
9000 1 udp_ours 52.41 176.7 227.6 4.38
9000 1 tcp 57.7 106.7 259.4 0
9000 1 udp_plain 11.88 94.7 242.4 0.26
9000 1 udp_sockopt 23.2 93.9 252.5 0.29
9000 1 udp_ours 51.37 173.8 222.7 9.5
9000 1 tcp 54.7 111.5 323.3 0.04
9000 2 udp_plain 22.12 93.3 266.9 0.24
9000 2 udp_sockopt 31.49 123 301 0.4
9000 2 udp_ours 47.52 174.2 1344.3 27.59
9000 2 tcp 52.2 129.2 347.8 0
9000 2 udp_plain 17.9 78.4 266.7 0.42
9000 2 udp_sockopt 34.06 119 298.4 0.41
9000 2 udp_ours 47.91 184 1236 25.16
9000 2 tcp 44.7 137.1 3536.9 0.07
9000 2 udp_plain 18.62 112.2 265.1 0.37
9000 2 udp_sockopt 36.34 104.4 298.3 0.26
9000 2 udp_ours 47.67 179.7 1366.2 15.5
9000 2 tcp 42.9 156.5 3296.6 0.14
9000 2 udp_plain 23.6 83.2 263 0.17
9000 2 udp_sockopt 31.51 122.3 318.2 0.42
9000 2 udp_ours 47.8 182.1 1419.2 14.49
9000 2 tcp 45.3 139.3 2625.6 0.17
9000 2 udp_plain 19.38 95.1 265.3 0.29
9000 2 udp_sockopt 37.7 97.8 293.1 0.21
9000 2 udp_ours 47.6 174.5 2384.2 13.89
9000 2 tcp 46.5 143.3 2345.6 0.12
9000 4 udp_plain 32.03 128.1 333.5 0.4
9000 4 udp_sockopt 43.75 179.3 682.2 0.75
9000 4 udp_ours 45.87 119.6 1625.8 18.6
9000 4 tcp 43.7 161.4 4217.9 0.14
9000 4 udp_plain 28.87 133.2 321.6 0.39
9000 4 udp_sockopt 42.67 215.9 711.1 0.59
9000 4 udp_ours 44.47 151.4 2112.5 21.86
9000 4 tcp 43.5 149.2 4055.9 0.12
9000 4 udp_plain 29.23 126 318.1 0.39
9000 4 udp_sockopt 41.38 208.3 734 0.64
9000 4 udp_ours 44.97 168.9 1754.7 30.53
9000 4 tcp 44 159.5 4031.8 0.19
9000 4 udp_plain 31.67 129.8 356 0.4
9000 4 udp_sockopt 40.71 201.7 749.2 0.38
9000 4 udp_ours 45.99 141.6 1803.4 24.39
9000 4 tcp 43.3 161.9 4194.1 0.19
9000 4 udp_plain 30.18 129.6 339.6 0.4
9000 4 udp_sockopt 42.43 216.5 730 0.8
9000 4 udp_ours 45.03 164 1369.9 23.26
9000 4 tcp 43 148.5 4087.1 0.12
9000 8 udp_plain 36.92 120.4 798 0.3
9000 8 udp_sockopt 37.65 172.7 1676.3 0.36
9000 8 udp_ours 43.38 123.5 1628.1 25.32
9000 8 tcp 41.2 177.7 4357.5 0.13
9000 8 udp_plain 33.81 127.6 892.6 0.4
9000 8 udp_sockopt 35.27 114.8 769.1 0
9000 8 udp_ours 43.53 122.4 1177.1 19.21
9000 8 tcp 41.14 179.8 4220.4 0.11
9000 8 udp_plain 36.96 120.1 857.9 0.2
9000 8 udp_sockopt 36.17 168.7 1698.3 0.35
9000 8 udp_ours 42.78 116.7 1608.9 26.49
9000 8 tcp 40.99 178.7 4540.8 0.11
9000 8 udp_plain 37.57 121.2 707.5 0.44
9000 8 udp_sockopt 37.02 140.8 1617.8 0.27
9000 8 udp_ours 43.8 124.6 1559.9 23.53
9000 8 tcp 40.98 184.8 4402.1 0.1
9000 8 udp_plain 37.3 119.4 788.4 0.21
9000 8 udp_sockopt 35.89 154.1 1631.2 0.36
9000 8 udp_ours 42.54 118 1381.9 19.32
9000 8 tcp 40.53 172.8 4547.1 0.06
9000 16 udp_plain 37.77 138.8 1810.8 0.31
9000 16 udp_sockopt 35.83 125.4 1662.8 0.07
9000 16 udp_ours 40.38 209.1 1390.9 24.68
9000 16 tcp 34.28 272.2 7184.5 0.01
9000 16 udp_plain 38.1 128.6 1166.7 0
9000 16 udp_sockopt 35.62 125.8 2059.7 0.12
9000 16 udp_ours 41.44 296.3 1635.8 39
9000 16 tcp 34.25 283.7 7149 0.03
9000 16 udp_plain 40.04 135.2 1489.5 0.19
9000 16 udp_sockopt 37.97 148.5 2706.9 0.31
9000 16 udp_ours 40.24 174.5 2088.3 38.24
9000 16 tcp 34.34 286 7498.4 0.04
9000 16 udp_plain 37.54 130.6 1633.3 0.23
9000 16 udp_sockopt 36.19 146.8 2897.4 0.32
9000 16 udp_ours 44.53 169 1538.1 28.68
9000 16 tcp 34.23 286.3 7153.1 0.03
9000 16 udp_plain 37.41 137.7 1893.5 0.33
9000 16 udp_sockopt 35.52 121.6 1108.3 0
9000 16 udp_ours 44.64 234.7 1222.8 24.22
9000 16 tcp 33.95 278.5 7286.7 0.01
